
0000000000000000000000000000000000000000000000000000000000000000000000000000000000000000000000000000
0000000000000000000000000000000000000000000000000000000000000000000000000000000000000000000000000000
0000000000000000000000000000000000000000000000000000000000000000000000000000000000000000000000000000
0000000000000000000000000000000000000000000000000000000000000000000000000000000000000000000000000000
0000000000000000000000000011111222100000000000000000000000000000000000000000000000000000000000000000
0000000000000000000000001112222232110000000000000000000000000000000000000000000000000000000000000000
0000000000000000000000111123213221110000000000011111100000000000000000000000000000000000000000000000
0000000000000000000111111122222211110000000000111111110000000000000000000000000000000000000000000000
0000000000000000000221111212111111110000000001111111110000000000000000000000000000000000000000000000
0000000000000000000311111231111111100000000011111112120000000000000000000000000000000000000000000000
0000000000000000000221122221111111100000000111111111300110000000000000000000000000000000000000000000
0000000000000000001111123111111111100000011111111112001123210000000000000000000000000000000000000000
0000000000000000001111112211111111110000111111111110011122111000000000000000000000000000000000000000
0000000000000000001111111111111111111001111111111110111111111100000000001111111000000000000000000000
0000000000000000001111211111111111111001111111111001111112211111111111111111111111111000000000000000
0000000000000000001112321111111111111001111111100111111112321111111111222111111111111111000000000000
0000000000000000000012221111111111111001111111101111111112221111111112332111111111111111000000000000
0000000000000000222101111111111111111111111121001111111111111111111111222111111111111111100000000000
0000000000000012222110111111111111112111111123201111111111112211111111111112211111111111100000000000
0000000000000112322111111111111111232111111122211111111111113211111111111123211111111111100000000000
0000000000001112221111111111111111122111111111111111111111112211111111111121211111111111000000000000
0000000000222111111111111111111111111111111111111111111111111111111111111111111101111110000000000000
0000000001232111111111111111111111111111111111111111111111111111011111111111111100000000000000000000
0000000001112111111112211111111111212111111122211222221111111110000111111221111122000000000000000000
0000000001111111111123211111111111132111111123212322321122211100000111111232211113210000000000000000
0000000001111111111122111112222111221111111112212222211123211100000111111123211122210000000000000000
0000000011111111111111111112321111111111111111111232111121211110001111111112232111111000000000000000
0000000011111111111111111112221111111111111111111212111111111111111111111111212111111100000000000000
0000000111111111111111111111111111111111111111111111111111111111111111111111111111111111100000000000
0000000111111111111111111111111111111111111111111111111111111111112221111111111111111111110000000000
0000000111111111111111111111111101111111111111111111112221111111112232111111111111122211111000000000
0000001111111111111111111111110011111111111111111111111311111111112222111111111111123211111000000000
0000001111111111111111111111100111111111111111111111111221111111111111111111212111122211111100000000
0000001111111111111111011111001111111111111111111111101111111000000011111112222112221111111110000000
0000001112211111111111000000111111111111111111111111101111111000000001112222322112321111212220000000
0000001122211111111111000001111122221111111111111111101111111000000001112322221111221111232310000000
0000000122321111111111000001111112311111111221111111101111111000000000112221111111111112122220000000
0000000012221111111111000000011122211111111232111111001111110000000000111111111111111111321110000000
0000000001111111112211000000000111111111111212111111001111110000000000111111111122211112221110000000
0000000000011111112310000000000001111111111111111111011111110000000000011111111113000011111110000000
0000000000001111111000000000000000011111111111111110011111110000000000011111111122000000000000000000
0000000000000000000000000000000000000000111111111110111111110000000000001111111110000000000000000000
0000000000000000000000000000000000000000111100000000111111100000000000001111111000000000000000000000
0000000000000000000000000000000000000000000000000000111111100000000000000000000000000000000000000000
0000000000000000000000000000000000000000000000000000011111111000000000000000000000000000000000000000
0000000000000000000000000000000000000000000000000000011111111000000000000000000000000000000000000000
0000000000000000000000000000000000000000000000000000001111110000000000000000000000000000000000000000
0000000000000000000000000000000000000000000000000000000000000000000000000000000000000000000000000000
0000000000000000000000000000000000000000000000000000000000000000000000000000000000000000000000000000
0000000000000000000000000000000000000000000000000000000000000000000000000000000000000000000000000000
