
0000000000000000000000000000000000000000000000000000000000000000000000000000000000000000000000000000
0000000000000000000000000000000000000000000000000000000000000000000000000000000000000000000000000000
0000000000000000000000000000000000000000000000000000000000000000000000000000000000000000000000000000
0000000000000000000000000000000000000000000000000000000000000000000000000000000000000000000000000000
0000000000000000000000000011221111100000000000000000000000000000000000000000000000000000000000000000
0000000000000000000000001111232111110000000000000000000000000000000000000000000000000000000000000000
0000000000000000000000111111112111110000000000011111100000000000000000000000000000000000000000000000
0000000000000000000111111111111111110000000000111111110000000000000000000000000000000000000000000000
0000000000000000000111111111111112220000000001111111110000000000000000000000000000000000000000000000
0000000000000000000111111111111112300000000011111111110000000000000000000000000000000000000000000000
0000000000000000000111111211111112200000000111111121100110000000000000000000000000000000000000000000
0000000000000000002121111232221111100000011111111113001111110000000000000000000000000000000000000000
0000000000000000002321111122321111110000111111111120011111111000000000000000000000000000000000000000
0000000000000000002221111112211111111001111111111110111111111100000000001222111000000000000000000000
0000000000000000001321111113212111111001111111111001111111111111111111111231111111111000000000000000
0000000000000000001111111122232122111001111111100111111111111111111112211122222111111111000000000000
0000000000000000000011111111212232111001111111101111111111111111111123111111232111111122000000000000
0000000000000000111101111111111212111111111222001111111111111111111122221111112111111123100000000000
0000000000000011111110111111111111221111111232301111111111111111111112311111111111111122200000000000
0000000000000111111111111111111111321111111122221111111111111111111112121111111111111111100000000000
0000000000001111111111111111111112221111111111111111111111222111111111111111111111111111000000000000
0000000000111111111111111111111111111111111111111111111111232111111111111111111101111110000000000000
0000000001111111111111111111111111111111111111111111111111212111011111111111111100000000000000000000
0000000001111111111111111112211111112221111111111111111111111110000111111111111111000000000000000000
0000000002221222221111111112321111112321111111111111111111111100000111111111111112310000000000000000
0000000001312322321111111112221111112211111111111111111111111100000111111111122112220000000000000000
0000000012221122211111111111111111111111111111111111111111111110001112111111232111111000000000000000
0000000011111111112211111111111111111111111111111111111111111111111232111111222111111100000000000000
0000000111111111123111111111111112221111111222111111111111111111111221111111111112221111100000000000
0000000111111111112211111111111111311111111132111111111111111111111111111111111123321221320000000000
0000000111111222111111111221111101221111111222111111111111111111111111111111111122212322121000000000
0000002121111131111111112321110011111111121111111111111111112121111111111111111111112221111000000000
0000001321111222111111112221100211111112311111111111111111111321111111111111111222111111111100000000
0000001121111111111111011111002211111112221111111111101111112000000011112111111232111111111110000000
0000001121211111111111000000123211111111111111111111101111111000000001132111111221111111111110000000
0000001113211111111111000001122211111111111111111111101111111000000001222111111111111111111110000000
0000000122211111111111000001111111111111111111111111101111111000000000111111111111111111122110000000
0000000011111111111111000000011111111111111111111111001111110000000000111111111111111112323110000000
0000000001111111111111000000000111111122211111111111001111110000000000111111111111111112222110000000
0000000000011111111110000000000001112323211111111111011111110000000000011111111111000011111110000000
0000000000001111111000000000000000012221111111111110011111110000000000011111111111000000000000000000
0000000000000000000000000000000000000000111111111110212111110000000000001111111110000000000000000000
0000000000000000000000000000000000000000111100000000231111100000000000001111111000000000000000000000
0000000000000000000000000000000000000000000000000000221111100000000000000000000000000000000000000000
0000000000000000000000000000000000000000000000000000022111111000000000000000000000000000000000000000
0000000000000000000000000000000000000000000000000000032111111000000000000000000000000000000000000000
0000000000000000000000000000000000000000000000000000002111110000000000000000000000000000000000000000
0000000000000000000000000000000000000000000000000000000000000000000000000000000000000000000000000000
0000000000000000000000000000000000000000000000000000000000000000000000000000000000000000000000000000
0000000000000000000000000000000000000000000000000000000000000000000000000000000000000000000000000000
